8

100.0,100.0,150.0,100.0,200.0,150.0,200.0,200.0,150.0,
100.0,100.0,150.0,200.0,100.0,150.0,200.0,200.0,150.0,
100.0,100.0,200.0,100.0,200.0,200.0,200.0,200.0,200.0,
100.0,100.0,200.0,200.0,100.0,200.0,200.0,200.0,200.0,
100.0,100.0,150.0,100.0,100.0,200.0,200.0,100.0,150.0,
200.0,100.0,150.0,200.0,100.0,200.0,100.0,100.0,200.0,
100.0,200.0,150.0,100.0,200.0,200.0,200.0,200.0,150.0,
200.0,200.0,150.0,200.0,200.0,200.0,100.0,200.0,200.0


1.0,1.0,1.0,1.0,1.0,1.0,1.0,1.0,1.0,1.0,1.0,1.0,1.0,1.0,1.0,1.0,1.0,1.0,1.0,1.0,1.0,1.0,1.0,1.0

1.0,0.0,1.0,1.0,0.0,1.0,1.0,1.0,0.0,1.0,1.0,0.0,1.0,0.0,0.0,1.0,0.0,0.0,1.0,0.0,0.0,1.0,0.0,0.0
